%YAML:1.0
CameraIntrinsicMatrix: !!opencv-matrix
   rows: 3
   cols: 3
   dt: d
   data: [ 5.2941858117841252e+02, 0., 2.9465765863990646e+02, 0.,
       5.2920531897359535e+02, 2.3608173723305453e+02, 0., 0., 1. ]
DistortionCoefficientsMatrix: !!opencv-matrix
   rows: 1
   cols: 5
   dt: d
   data: [ -1.1428590132789067e-01, -4.8586277425665771e-02,
       -1.4497562377673101e-02, -1.2691773022255083e-03,
       2.0103554678873997e-01 ]
